11111 111 111 111

Ὗ mm, 1111.1,1.19. 11111111, 1111111 1111111, 11111
11.1,1 11. 1111111111,1’1.1,1,11.
regua, 11111111. mmai. rrprrr‘ 1111. long· n
rr 1111· rr 1111111111, 1111111111, 1,1,1. 11,1,111.

111181. Hartman. 111‚r
11111111,11,111’11111.1,1,11.11111, 11Ϊ1Ῐ128111111ξ1ξ

1,11.11111.1.1,1. 111111 1111. 1111111.
111 1111111 1111111, 111111. 1,1, 11. 111,1,91.

1111.1,1,1.11 11. Β11.1,1,11.1η1. 11111111 mulium

1,1,10.11111,1,9. Τ111.1, 1,1. 11, 11111.

1,111.11’,1,11. 11111111. Pron. reperero, 111. 1,1,11

pm. 111,1,11. 1111111111,111.1,1,1
1111111111, 11. 1111111111, 111111, 1, 111111111, prim· 111

11. captamus. (1111
roiam, 11111111, Δι.1,1,1. Porum, 111111111,111111111

11. repertur 1111, 111,
11111111 11111, 11111111 111111111111, 11111111, 1111, 01

1111.1,1,11.111.1,1,11. 811111.1,1, 11111111, 11111111,

11. 1111111111 aliquamdi
1111111 1111, cummai- ··- 11111. 5, 0111.5,1,11. ’1111

1,1ο. reposivi ‚ 111111 11, A
rrlr' 111 1111, 0111.1,1,11. 111,11. reprobandam 1111111

. 11.1,1,11. 111,1,11. Mammas. gun, 11.1,1,11.

Pon. 1,’.’,11. reprehendere 111111,
1111· 1111, 111 111111111,7 Arme. 11. ’1111.1,1,11.

11130111 1111181111 111116 &aa 1111111111, 11111111

11111111. 11,9,119.·1’111.11.111. 1,11ο.

111,1,8. repromittere, 1111,
1111111111, modin 11111, 0115, 1,1. repudiare, 'Prin-²,4
1111 111111, 0111. mo. repudiatae nuptiae,
1111 1111111, amm. Mearm. Perr.³‚1,5o.
11111 1111, 11111.1,1,111.Τ111.1,1, 11111111,111.1,11,

19. 111.1,1,11. 111111111111,11111.·
1111 111111 11111.1,1,11. repuli 11111111 11,
11111111 11111, 111. 5115. 1,1,9.
11111111,1’111.5,1,15. 11111. 1, 1,ὁ. reputare, Trio. 1,1,
remigio 1111 111 111, Δι.1,1,5. 11111111, 11111111 11
remigium, il.3,1‚1⁵o. 1. [11111110111.
’01111111 “m'' ⁸⁹¹¹'⁴’¹' 1111111111
111111111 1111111111, 1110111111, Cepi- 111·

1,1,11.11. 111. 1,1,11. requiritur, 11111111
1111111111,11111111, 0111.1,1,1ο.11. 1111111111, 1111111
1111111111 111111, moram, Τ1ἰι.1,1,11. 111, 11 11111 11111

1111111111. 1 11,1,11.
1111111111, 1. 1. 1111111111 1111, 11111, 111 11111, 011. m, 1.

1,111. 0111191. 0111. 1,11. 111 praeterr. 11111 1
1111111111, 011.1,1,11.Εμ.1,1,11. r.. 11.

1,1,11. 111 oppositu 1111111111
111111, Guttam. 11111. 11111111111,
⁴ 1111111111,,’1“111.1,1,11. 1,·1,11. 11,1,11. ’
1111111111, 11.11111111,111.1,1,11. 11. 11,1,11. 0111

11111111. 111. Ερ.1,1,1ο.
1111111111 repudium, 11111.1,11,11. 1,1,11. Ρ1.1,11,11

8111111119. 111 1111111, 01111,
1111,111.1,1,11. 111111. 111 dimna, 11Ι.1,1
repagula, 0111111. 11 01111111. ’
macore, 111111 1111111, 111111, 11.111.1,1,11.111

2⁶. 111 1111111, 11111
1111111,οη1,1,11. 11111111. 11. 111 urbanae, 0111,

1111, , 1111113111,οὴ11,

 

