mm 111 samm

11111, cnm 1111111111 111111111111- 11111, Ι. 1. 11 11111
11111111, 1111.1,1,11. Τ111.1,1,11. 11111111, 111. vm
.11ζ,1,11. . nna-,umam
'‘fflffffl'335'31532¹0'?‘2„⁴1.'152'‚·2³3⁴51²& 1111111111εέ

1,1,1ο. 011.1,1,19. 0111.1,1,11. 1,1,11. 8111111111
11,1,11. 11111.1,1,11.11111.1,1,11. 111111,1111.1,1,11.
Τ111.1,1,19. Peru 1,1ο. 1,1,11. 1111.1,1,11.
1111111111, Ι. 1. 1111, »hm 1,11. 1,1,11.
11 ’111,0111.1,1,11. 01111111. 1111111111, 1111.1,1,1.

11111111. 11,1,11. Telau, npld.1,1,04.
191. 11111 111111, 1111111,
1111111111, Amph· 1111. 1111.1,1,1.
1111, 11111, 1111111, 1111111.1,1,11. 111, 111111111111,1111.1,1
1,11. 0111.1,1,11. 1,1,11. Ean, 111111111111111,111
, 11.’1“111.1,1 111. 1111.1,1,11. 1111 111111, 1111.1,1,
111111111111111111. 111111Ῠ1111.1,1,11.1
111111111ῑῖ1, 1111111111... ’1111111111
1111.1,1,91.-1111111.1,1,19. m 11111, 111111, 01118,
11. 11,1,11. Τ111.1,11. 0111111. 1111111111.111.1,1,1ο.
1111111 11 1111111, 0111.1,1,1. 111111. 1111111, 1111111
1111111 tymphanum 111111 11 1111, 01. 0111 1,1,11. 0111
exercere, praecum, 111.1,1,11. 1,11.1111.1,1,11.
1111111111111, 11111111,1111.1,1,11. 1111111111 1111111, 111
11111111. 01111111.
1111111, 1111111, 1111111111, 111111, 111111,1111111,111ιρ1
11. 1111111111. 1,1,11. 011.1,1,11. 1
11111 pro 1111111, 1111 1,1,11. 111111 111111, Bacch. ’1,
11111 non 1111111, 1ο. 1111111 111111, (11 0111111. 11111111 111
111.11111111.)Τ111.1,1,11. 111111 11111]1111,“111
111, 1111 111, 111, 119. 11111, 1111111111.
11111111111, 1111111.1,1,11. 11111111111, 11111, ’111
1111 111 1111 111 1111111111, 01111. 1, 11111111 111. 11111.1,1,1
1,1. solium 11111, Τ111.1,·1,
1111111, 1111111, 011.1,1,11. 11,1,11. 1111 111111111,11111.1,1,
11. 11,1,11. 1111111111, 11111, 0111
1111111111111, quieto 1111111, 1111. 1111111111 111111, 11ρί1.
ms. 11111111111, 1111111111
111111, 1111, 1111,1111111.1,1,11. 011. 1111.1,1,19.-0111.1
W· 1111.1,1,1’11. 1111111111 patronos 111111
1111111 111, 11Ι.1,1,1,1. 11111111. 1111,11111.1,1,11.111
11. 01111111. 1111111. rein. Solon, 11 1,1,1.
1,1,11. 811111.1,1,1. 111111111111111111, 11111
1111, 1111, contum, 1111111111. 1111111, 111. w!
11111111. Pn.1,5‚12⁹. 111. 0111. Pseud. 1,1,11.
nmmo-7⁵4. 111111, «insumo, Tria.
1111,1111,0111,1,11. 1, 1, 98. 01111118.
11111111, 1111111108. 1111.1,1,11.
111111 ,11111 ”m
1 0 u Ι ⁸ ⁹ 2 0
· 91. m Η ’⁹ 11111, pascenda, A:
11111111, 11111111. Τ111.1,1,17. 1,1,1ο.
11111, Stich. 1,1,11. 111111 11 1111111 1111, 11
1111111111, 111.1,1,11. 01111. 1,1,10.
1111111111111, Ρ1.1,1,111. 1111111111, 1111111111,
111111, 111111.1,1,111. 01111,1,11. praetore, 0111.5,1,11
11111. {plumam 11,1,95.98. 1111111111, 0111. 1, 1, 19
11111111, 1111.1,1,101. 1111111. 111111,
111111, 0111.1,1,1. 111111 cumn? 111
11111111,1’1.1,5,5ο. 1111 acquirendo sti
111ἒ111, 0111111111. 1111111, 11111111111, 11111111

 

