⁰⁰l⁰⁰⁰⁰⁰⁰ ⁰⁰⁰ 2554545

4455551555 155554 1111. 4,,511. 45151 445- dmm, ⁰⁰122.⁰,⁰. ι’ w =
52512511 1515, ’1.· 5524155,’1’111, 2, 5, 45., 055. 2,4, 15. difflua, 15551,
5514, ⁰⁰. 1, ⁰, 525. 25, 545545 4455544451. 5, 1¹ ν

4455455515 444, ’455255, 5155 4· 2’, 55. 25 2,.2, 55. .

55545554555155415, 2515. 5·,2,4’2. ’255152 555445, 5115541515, ⁰⁰⁰⁰. 5,5,55
4, 5, 5. vorm 455 aduam. 1544. 4,5, 45
00⁰³, 415. 2555 455. 1111. ⁰,1 ,’25 555455, 5555. 5 5555555, 125. 5 ,2,12.

,.4 (1554425 1155,,45,4’ ’544 5545514454 4415555, 044, 2,5, 55, -

4,4’,5’5. 5,55 55151. 4, 4, 55.·

551 4555554515. 5,4’,15. 1111. 2, 1,.5 111, 55455445 54544415, ’15555 4 4, 22
1,255. 12,5,12 25444. 4, 5, ’5.’ 11241 4, 55444· 555145 555545 554145, 144152. 5,
44424444 5144444525545 4’4. ,
4, 55 2, 5, 44. 555141 544· 552414 1444, cuso 5 4 .

555544515514,’ 451514 5555555415, 25. 5, ἕῖο 5554555551. 5. 4455 45 44555 <⁴
1,1’2 5144. 2 δ’ ⁰⁰.

5555242545555255515 5515415, 5111.’5,4, 55514414 555, 1545515454,Ι 15555. 4, 5, 5
45. 5155. 2, 1, ⁰⁰. 2542. pr ⁰⁰ 15552. ⁰, 4454 4555545ἰὶ 555 55 55541 51515. 5,,2
2’,25. vome? 5555155215, ἔ41514. 1,.2,25

voluptas, 5555551155, 51114,,5 ⁰⁰. 15241. 44215 555555, ’.1551425252 451
5,,.55 w, 4, 444. 2, 4, 44. ’54545 4,4, 24514554,

2’4, ·’.,Ρ541,52,·’.,,,1’55554452 515155 555454, curo. 5 4, 45 1, ⁰, 25. 1155.

2,·.525515Η5Η25521415ψ242511,5,55. ,

5555955.11’,,45.055,,2’2,5. 11,,5 545525515515251514.11,122. 1555.

4445 24 115.4,4’, 44. 11545. 4, 4,42. 4,4. 545555, 5, 54 ·

2515. 5 ,2,5, 74155445 55445555, 55455254 5555221.
5445544555 5554 554 pedore, 0555. 4, 2,.4 5, 1⁰.
44515555·444554415,·1111.2,2,44 1541554455, 55515, 44524, 5, 4, 555 11.
44545515,1154.1,5’4’5, cur⁰⁵⁰„⁰1⁰. 11245. 22,.55 15441, 5, ⁰, 55.

2,,5 ·25. 7445555425, 24445152. 5, 21. Ep. ⁰, 2, ῑ
55455514, Peru. 2,5,44.,44141 41415125 554- vulgata 4’4555, 555 5454415154, ’115

51 2, 44.

5455411445, argenti 2245545415, 51555. 5, vulgo 545 55 5544455 iutro-⁰⁰⁰⁰, 415 ,

45. - 51555. 5, 5, 45, 5545155, 25445. 5, 52
⁰,'⁰'rin. 2, 4, 24. 4441554 piru· 4545555151555. ⁰, 1, 21.

55554455 444 555415,’ 2515. 2, 1,1.

44554555, 45445555, 0145 4, 4’,.45 454, ι
5,.25 1245555, 54.,44,5. 415 5554114 ‘

414455, 4, 4,.25 2554541454, 51455. 5552. 2,2, 41.
5545154515,1155514.4,5,25 45444541455454, 414112, 2, 2ο
555515 gladii· dqmgnnro, 45454515, 24114454 Amphion, Ρ5,’ 5, 2, ⁰⁰.

(1545555.55445,’,504455.,,..,2451’55545,”45Ρ
5544541554 555554, 5544541, 2515. 4 ,4, 5, 2, 44. 545’45’. 5 2, 54

19, Mero. 5 2, 54 55445444 4515545,55255555515 ⁰¹
5555545, 544445,51555555155 5411151425, 2425. 5, 52.

2555555511.555545525554454,0545. 55555154555155,ΤΙ·145. ⁰, 2, 25.

2,.5,5 summanum, 0514555125. Zeusis, Ep.⁰,1‚⁰⁰. 1555155, 4,111.

 

