⁴⁸⁸ mm

11411, 011. 4,4, 44, (1114· 11111441,414441, 114 ,0114 11. 44. 4141,
1111,0114.,,1141. 11144411 {uA-lm 11111, 44114 ,1,
111111,”44144,,.44 011. 44,
1111114111 1111, 41114. 4,4,4. Am,
1441111,ΙΙ411,8441444,,4 4,44.
1111141114411111,1111141,41,4,4,44,
4111414111 1414441111, 0114. 1111 1111, 1111 1144441 1114,
..4,1.4411.4,4,4, 1114, 4, 44’,
Ι111,1.4 4,4, 11111414, ’11111114 1111144111, Tm.
Τ,1114, 4, 44, 411144, 1:13⁵& 1111 144111,11111, 04144,

4,,44 441144,4,44,4111,111111.41111,1141111111114,4’1114,

11 1144411, 01144, 4, 44, 1111111111 1144111, 4411111,4,4, 44.
44, 11144 ,4,4. A. 44141, 11111411, 44111.,,.4444
4,,4 1111411411, 1111441111, 41114111,
141114,4441..4,4,4444,1, 111111411111411,’41141,’,4,4’44.4,
441111, 44111411411111, A& 4444’.’4,”4,’44”’ ”” ”’ ” ”’ ””
144441141,41,4,4,44, 11114111,”14’1”4”14” 4444 4’4’4” 0114,
14,,4141 4414 04144, 1,41. 4141”1,’,.111 444,1’,.11
11141111, 4414,’4,’1,.44 44.’1,4,,11.11
,,01141,11. 11414141.1’,4’,1,4411,4,4,4,
,,44,4,1111441114111,14411141114,4’111.4,
4141444111
114 11 ..1111114114141,μ.111.1441,1111,,11,11.
4111, Τ111.,,444ο. 114441 44,4,,44
1111,”,’411’1.1,1,41, 1114111, 4141.,4,4’14’ ’1141111111
4141 .. ... ⁴ 1414444
41114,1’,1,44, (41111141, 1114111111 11 meum, 4411411441,
”1114414’,41,,11,113414144’14’4’1’1’11”’4’4’1’144,1,11.’
4111,,,44’44, 04144,4,1,11114411 1111, 44444,4,44’. 411144,
44, 41411111 4, (111. 4114.)
114 11111411, 444144, 4 4,, 11111111 4141 14411111, 41111444,
,111,11441 41114, 4, 4, 111”1’14”1’1’1”141’1’111 11114411, 14411 111-
’11111141111414 14441 111.’4’111.4,4,4.
1411114Ι,,4’14.144,·4,11111·11·1411,(4111,11,
1.,14,’14’.11111411011,441441114444,
11111, ,ab 1441144111414, 11111414111, 11411111. girabat
1’1,1,4,44,4111.4,44 111”44’1’1’14’1’41’144,4’4’1’1”44,4 Τ’141’1.4,4,4,
111·’,Ῥ111.,,444,4. 1111141111,41114,,1144 0114,,14,
11114111, cm, 1,1ο 4141, 44, 441111 ,1,411. 41414141.
1111111111 11 11, 114114111, 114411,
.,,,,44111444444 Ρ1,4,4,4. 44,
111 1141114, 411414. 4 4, 1111111411 1141411411, 1111414, 01114,
41141111111111414111,
411. 4 ,1411 Pu, 1, 441. 1111111111, 4111111141, 0414
,11111411114444111 4,1,.14
4141114414, 4111,,,.44444 “ww ”’ ””’”” ” ”””””
,vAAA’yA 4444’4,’4,44.1111111441,44111,4,4,4.
4 ἷίυ4 ’,ω’ 111111114111141111111414111, 41444.-
44441’1’1’,”011’4.’4,’4,44, m 1111111111,4144114.4, 4,,444 414111,
mmo Quam· ⁷⁴· .

 

