vmw 5³ Me

ἔξω, Ι0555. 5, 5,5, 55555 511515, 055515. (1551. 5,5,5.
5555555515, Pon, 5, 5, 5. vetustate 5555555,1)555. 5, 5, 85.

15, Amph. pr. 17³. Peru. 7,7, 5553555855 515555, ’0555 5, 5,’5. ’115115 5,

55555. 55555555, Pseud. 1,7, ³7. vi 55 5155555 5511551155, 455515. 5, 5, ³7.
5, ³, 55. vi agivmecum, 11555115, 4, 58.

55 «1151555555, in 5410555515 51515551,11051.8’,1,7. 5115515.1,1,47’
105551, 5, ’50 vi pv„ 55155515, 111515. 5, 7, ³.

1515, 17'77’. 5, 5, 45. vi furum pvgmamda, ’.45. 5,5,9
5155555 verumenimvero, ³¹³. via. compressit 51155155153151555 im 5111,

5.(1155. 5, 5, 85. (list. 5, 5, 55. 5115515515155, ³³³³²J7
11155555, (15155. 5, 4·,5. 5, 76.
5. 155 555 Μ55’. 5, 7, 55. via ’55 semita, (155. 5, 5, 55. cuim, 5,
ed, Asin. 7,7, 44. 51 5 45 e 5515 5,,4 55. 51511. 5,,.555
5151. 547. 05155 5, 5, ’85’ι 88. via 5551155,’(1155. 4, 5, 45. (155. 5, 55.
4.11’,,.5550 (15555, 5 5,’.7 (155. Can. 5, 5, 5. per 5555, ’0155.’1,5’,” 5. 155·
’5.(1115. 5, 5, 85. (15151. 4, 4,.7 via, 11115. 4, 5, 4. 515 via decedere
{,7, 95. (15555, 5, 5. 1115. 5, 4, 80. 55 medea
nnbat, t. 5. veru, Truc. 7,7, via, 551515, ³, 54.- 851515. 5,,5 ’55.
55. ³, 7, 1³. 17. (1551551515 viam, Mer³.1,7,6. '
7³, (1555. 5, 5. 515155 Lares, Mero. ³, 5, 54.
5555515]ΙΙ.,.455515.5,5,45.1155. viatica caena, 1155515. 5, 5, 55. ⁸
5. 1155. ³ ³ 55. viaticatus, 515515515555555155, 0155. 7,
5551155 ³, 4, 45. 5, 55.
5555. 5,5,.5 ’(15’ρ54,,.541 (155. 55515555,’1“555.·.5,45 (1555. 5,5, 89. 155.
5,,.59 1155. 5, 7,50. 11515. 5,,.5505
1155515. 4, 7, 45. lV, 7, 45. 115515. pr. 75.
Tria. 4,’5, 7.. 51555155,851515. 7, 5, 84.
555. 5, θ’, 55. Pers. 1, ³, 18. 5155555151, Amph: 1,’ 5, 581.

1151 1515555555, 11555515. ’4, ’8, 505. vicem 5555155555, 1111. ’1, 5, 77. 5155515115·
„7 5. . 55 11155555 vicem, 7'ra’c. 5, 5, 55555551·
.15555.5155555555555515555,155555 vicem, 05155. 5, 5, 17. 1555· 51.·
7,5. 11551. 5, 5,.95 -15555555- cem 5551, (1555. 5, 5, 5’.5 5155515555,-

11· piseatvm’param, 11555. 5,,5 111555. 5, 5, 8.

5555555555 555 5515551555 551 vicesimus 5515555, (15155, 5 5, 5.

mi, Most. ³, 7, 11. 51515515, (155. 7, 1, 7. 541

(1555. 1, 5, 4.’ , viciniae, 15 51151515, ³1³ 7,³7. 51515115
1151. 5, 5, 59. 0555155, 5, 55 55551155,111555. ³, 1, 54.

5, Amph. 5, 5, 555. vicissatim, Stich 4. 5, ’57. 11555151. 45.
551. 7, 5, 57. vicissim, 45. ³, ³, 95. ’1555.,5 5, 51. (1155.
m, 01555. ³, 7, 555. 5, 5, 50.Ι 11515. 5, 7, 54.

5, (11554, 5, 1559. 1155.4,5,8. vicissim 51555 vaticam, 555515 155155,
155. 4, 4, 4. 5505111555, 01555. 5, 5, 549.
estimenta, (1555. 5, 5, 55. ΙΙΙ, 51551555 515555, gemmam. 4, 7, 55. ,
’5 5. Pe. 5, 7, 50. 51551155, victu, 1155515. ³, 7, 55. 11555. 5,·
1,”1“515.5,1,’59. , 5, 45..

vt benignitizs: ³. 5. 551115 551 victima, Ρε. 5, ³, 507.

1, 5, 5, 7 mutam, 5515 5,,555. 55555555 11,
15511μ4555 5555555. 85. 5,55. Gapt.1,'1,1³.

59. 0515. 5, 4, 55.· . 515555515555555, 0515 5, 5,55.

mom, vot'm's 5555155155, Victoria, 51555. 5, 5, 55.

4, 5, 51. 515155 5555115555, M³³³ 1, ³, 57.
,’11555. ³, 5, 75. , 51555, 111555. ³, 4, 80.

55 tabernae, (1555. 4, 5, 59. 515555555555, 5555, 55155. 5 ,.4,54
555, ’1555 1,7, 77. 551115, 51, vide, 55, 11515, ³ 5, 50 ³³.
um, Ρ555. 7, 5, 55. vade me, 55555 55155, ’1555 5, 5, 50. (15.
15ε.,,.555 11515..5,,54 V ,7,1. 855555 motio 5551

7, ³, 17. ‚. 51515, 551 homiuem 55555515, 515155, quam
antiquus, 555515. 55. 555. 5151. parum 5555515 55551555, 5555. 4, 5,
14. Ρ555. 5, 5,,5 11555. 5, 7, 55 58. (11. (15555545. 551555511555
1155555 51115155. 55151551,5 vido, 1. 5. 1115111315 igitur,
5555555155,45.1,5,55. 55555· 55555· 5555551115 51115 515 5555155-
5,(1155. 5, 5, 55. 555. 33¹

 

