virtute ³71 11111111

ῐ111111111111111111111111ο., Ep. 11111111 1111111 11111111, mele 1011111 de
1111110, 1115, 1, 4³.

111.1,1,31, er 111111111111 11111, 1111. 3, 1, 115.

1. pro 1111111111, Μ11.1,1,111. effrenamur. 11110,1111.1,8,5.

in. 1,1,11 1111101, Pers, 1, 5, 3,

,1,1,57. ulmorum, Ar. 1,1,1. 11111111111111 1,1,17, 0111.1,1,59.

n recente in ult, Amph. 1, Cure. 1, 3, 31. 11,1,11.

11111, prod. ult, Τ111.1,5, 1111111111011. 1,1,11,

vive, 11 sopiret placer, Ε11.1,1, 100.
111 111111,1,5,11. vivere 11111111, Mil. 3,1,33, de verpere
, [1111. 1, 1,1, 11111119. 1111. e, de 111 11111, Mil. 1,1,5,

, magnum negotium, Poen. vivere victorem, 1. 1,11111111111111,
11111111.111.15.

111, cist. 1, 1, 111. 1111111111111111, esse, 0111.1,8,51,

o, 11111111,1,3,1, 111, 5,1, - vivit, 11111111,1,1,11. 11,1,11. cept. 1,

, 1,1, 1. 1,11. 111,1,11. 11,3,11. 0111.1,1,11.

1111.5,1, 106. 11,1,10, 1111.5,1,35. 1111.1,1,18.111,

1111.1,1,111. V, 1,11. 110111. 1, 3,11. 11,1,11,

11111111 111, 1111111111, (111151,
rrum, capt. 4, 1,115. 1111- 11. 11111111, 11111111. v,³,
‚, 1,1,110 10. 1111111111. Ρ111.5,1,1. 1111.
1.1,1,11. 011,1,1,1, 111111, 5,1, 1.

11111 ametor, 1. e. 11111111 unde 1111,
rebro videre, 11111.1,1,10. ’1111 1,1, 61111.
11111111, 01111.1,3, ³4. Ep. 4, vive. 11111111ςί1111.11“10, Cure. 1, 1,10.
1, Quid agitur? vivitur, Ρ1111.1.1,11,
reice, iampridem cognite, 11111,11111.1,1,10. 11111111,1,1,115.
1,11. Pr. 1,1, 11, 101. 11.1,1,1. 11111111111111,
11, videbo, 111, Ges. 3,1,1. 1,11. 11111. 1,1,89. 0111.1,1,51.
quem, 11111111 aliquem, 11111111, 11111 corrept, 111111,1,1,11.

Ture. 1, 6, 11. voeabula, Ε1.1,1,53,
11 romnis, 11111.1,1,10.11, verere, 11, ed 1., 0111.1,1,7.Μ111.1,

11. 111111.1,1,0. cf. mur. 4,1³.
5³. vocari 11 ad 1111111111 volo, 011111. 1, ²2⁶⁶·
aereo 111111, Ep. 1,1, 19. vorate 111111, certe, 0111.1,4,1, ope·
‚ er 1111111 11111, 1111.5,1, 4. ra, 8111111111,
:h.5,1,18. (1111.1,3,1, (1111. 11111111111111111,Τ1111.1,1,51.(11111.
1111111111. 1,1,11,
111, 11111111. 811111, 1111111111, 01111.5,3,1,

velem, rut„ Cure. 1,1,·1.
1111111. cre. 1, 11. 1111111,1“1111.3,1,11.
laetitia, (1111. 1, 1,11. 1111111111111. 1, 11. 10.
mque, i. e. lenge, 11111.3,1, voles, 1111. 1111111111, 0111.1,1,11.

volgo, plerumque, Amph. 1, 1, ³1. 1111.
uere, privare, Men. 5, 5, 5, 5, 51.

11 vivit, 11111111.1,8, 15. vole 111 erre 1111111, Cae. pr. 11. eolo
mi, 1. 1. aliquid, 11111 cerere me placere, 111111. 1, 3, 11. Pers. 1,1,
111 re, 0111, 1,15. 1111111111, 10,

, 3, 11. Puer. pr. 15. 111111, 1111111.5,1,13, Cure. 1, 3,11.

,1. 3,1,11, volo 11 aliquid, As.1,1, 71. 95.

ique plener, 111111. 1,1, 11. vole 11 pruris, Aumst, 11, 11111111, dat„
, 11111ιί111111, 111 1111111111 11Μ11.1,1,30, Εο,3,1,18.

1111 111 virimegirtratur, 1111· 1111111111, 11111111111111111111111, Cure.
r, Most. 1, ³, 56. 1,1,11.

ἴ, per 11111111, ebrietatem, 1111111111,11111.1,3,11.(1111111115.
10,11. Τ1111.1,1,51, 1111111, Cure. 1, 3, 10. Meet.. 1,1,111.
1111111111111111, exprobrare, 151. 151. [1111. 1,1, 11.

1111111, 01111,1,1,9. 1111. 1,1, voltur, 1111.1,1,10.

,10, volui dicere, se corrigentis, Cre. 1, 5,
ee emere, vissesimo, 11111, 14. Cf. 1111111υοὶ111 dicere.

1111111111, creticus, Most. ³, 1,11.
rure. 4, 1, 1. volunt 1111111111.,1’1.1, 1,1, 111111, 1,
1111,0111,1,1,11, 01111,1,1. 41.

 

