INDEX.

A.

a 115111 55111111. primae (1151. 11151111- 51 51115 1511111 1111515, 1151155111
511111,111111111. V, 1,1.11.111,1,1. (1111. lv, 1, 1.
lv, 1,11. Μ11.111, 1, 5. 1111551111, 1, 511 1111111115 aliquam 1111115, bel, Μ

11. lV,1, 11. 11,1,51.11,1,11.1“1115. V, 1, 11.
Ι,1,55. 1111111.111,1,11. 511511. lv, 1, 5111551151, quoia 111 arna, 1111511
15. Ρ511. 111, 111. 11115.1,1,15. nomina 1115111115, liud. 11, 5, 11
5 5511 qa productum, 1111111. 111,1,11. 5111, 551115 rem, 5511115 1111111111
5 11155111111111111111.1151151111111111111. 1115.1,1,11. [1111511115. capt
11,1,19. Μ511.1’,5,1. 11115.11,1,5. 1, 51. Τ1111.11,1,15.
111111.111,1,15.115111.1,1,11. ΙΙ,11. 51 1111111 1115111 ad 5111111511, Amph
5 11111111,111111111111151111115. 111111, 1,155. Μ1Ι.11,5,11.
1, 5. 5 115111 dama, ex 1151115 115- 5111115 ad 11511111, 1111. 111, 55.
mo, (1111111, 1, 5. 5 15111511 do· 111 511111, trochaeus, 11111. 11, 1, 55.
mo nostra, 1111. 11, 1, 55. 55 511·- 51551111115511, (151.11,1,11.
1115 1111111 11111115 5115111111,(11115. 511 1111511, 11551111, 1111111111, 111511.
. 55111511,1511111 111.
a 1511, 1. 111511, 1111.11,1,11. 5 51·- 1111111111. 1111111153,
51115, 1151111, sau 1111111 1151111111,111. 11511111,111115.1,1,15. 1111.11,1,1
5 155111, 11511 primum 111555,Ρ5111.111, 11. Ι, 1,11.
1,17. 11151151, 1111.11,1,15. Part. Ι,1,5.
a 1115111511 5111111511, Μ11. 11, 5,11. 51511111, 511111, 11115.Ι,1,1. Ruti.
1111111.Ι,1,155. 111. 111,5,15.
5 11115 ati 55111111 1111551111111Ι aliquam, 5111111551,1511515151, Ρ5511.111. 55.
1151511, 4, 55. abdomen, Mil. V, 5. 01115.11,1,11
51 111111115, 151115 5 1111111115 15515, 551511115115111111 115111155115, tt
115111, 1,11. ν,1,11. 8115111111.
5 1151111111,111551111115511,111111,11’,1,55. abducere 1151111115, Tria. lv, 1, 11.
51 atiquo 11511, apartibus, 11111. lv, abducere 511 151115111515, 1111. ΙΙΙ
155. 117. ad 15115111,05111.111,5,15.
5 morbo 5111111, 1. 5. valui. Ep. 1, 1, 1115111115111,Μ511.11,9,81.’
15. 5 1115111115, Aul. ΙΙ, 1, 9. 5155, 1111.1.1,51. 111,1,41. Μ511. V
51 511111151151111,0111.1,1,51.Ε11.Ι,1, 51.
15, 5115 pra abii, Amph. 11,1,11. (11.111
51111111511111151111 511, Τ1115.Ν,1,51. 11111 1115 perfecto.
5 trapezita 1515111, 1111511515 ab 11511. abhinc, 051. 111. 19. 811511. 1,1, 55
sunta, Cura. V, 1, 15. 5111151111511111111151115115, (11111
a 111 dadi, ex 11155 1111111115, 11111. 1, 55.
1, 115. 111. 11, 1, 15. 51111111 (1111.1,1, 15. 1115111, 1, 5.
a 15111115 amare, 115511.Ι, 1,11. Pacu. 1, 15.
V, 1, 111. , 5111 11115.11,1,15. Ο51.ΙΙ,1,11. 11
5 1151511151111111111, 11. 5. 5111111 11115- 51. Μ511,1, 1, 51.
11511, Ρ5111.111,1, 11, 511, 11511511 (15111111, 2, 51,
5 111111σί1115,111 1111115, (15111.111,1,11. 511111 115151111111 (15111.111,1,15. 1
5111111115, At. V, 1,11. 1, 1, 51.
ab 11111115 dart, At. V, 1, 11. 115151, att! 1511115, Tria. tv, 1, 11.
1, 11. 1111111111. 1111111111. (1511111,
ι 1111551115, 11511. 11, 1, 1. 111,5,11. (1111. 11, 1,15. V, 5. tv

 

