1111 510 virtute

1111, provide, 11161111,11111.1,1,1. afnima, 111. 1, 1,11.
vide, eom, 111.1,1,11. ΙΙ,1,19. vinarium 1111111111, Ι1“1·111.1,1,11.
vide, 111111 modo, 111111. 1,1,19. 1,1,16.

11111.1,1,1. 011.1,6,1. (11111.1,1,11. vinarius. 11. 1,1,3ο.
vide 111, 11111 nt, 111111. 1,1,1. 111.1,1, vinem anim 11111, irae 2

11. 111111, cns. 1,1,11. 111111, 1, aerari, 11111115,

161. vinem argumentis. Amph. 1,
11111 111 1111111111 1111. 1, 1,1. 111111. 1,1,11.
videas, 111111 amare 111111 ue, 111111 1111111111, 11111111. 1, 1, 1.

nieht, capt. 1, 1, fio. vincire, 1111.1,1,11. Ep. 1,1,11
111111111,111111111111 1111111, Peru. 1, vincit fabula, 01111. 11.

1, 1ο. 111111111111111111, 01111111. ’·
6111111111 ο. 1111, 1111111, 1,19.11. 1,19.

1111111111, 11. 1,1,1. (111111, 1,16. 111111, vindemia, Cure. 1,1,11.

1,1,11. vindex, qui 1111 1111111111 1111
111111’,1111·.·, 11111. 1, 1, 91. 11111,1,1,18.
video ego ³e, Peru. 1, 1, 11. 1111111111,1111111111, 01111. 1, 1,11
videor, 11. spector, 11111.1,1,1.11111. vinea, 01111- 1. 1. ⁵²·

1, 1,16. vineae bellicae, 1111. 1, 1, 111.
videor 11111111 1111111, 11111.1,1,111. 111, 11111111, illecebrosus, 11. 1, ³,

1,116.1“1111.1,1,1. 1,1,1.1111.1,1. 11111111,111111.1, 1, 19.

16. vinum, 11111111, 1111. ³, 1, 11.
1111111111, Cu. 1, 1,11. vinum, 111 11111111 vitibus, 111
vidoro conliniare, 1111. 1, 1, 11. 12³.

1111111111 sua, 1111 curare, 1111. 1, 1, 11111111 Leucadium, 1111111111,

m.- cf. 11111.1,1, 1. 1,1,1. 11. 1, Coum, 1111111186.

1,1ο. 1111111111 1111111,1111. 1, 11),11.
1111111111. 1,1,11. viuum 111111, (1111. prol. 1. · -
111111111111111.,11111.1,1,111.111.111. 11111111, Men. 1,1,11,

11111.1,1,6. vinum 1111 1111111111, Aul. 111111.
vidua, 1111111111, 11111 1111111111 ab· 111111111,1111. 1,1, 11.

uento, 1111. 1, 1, 11. v, 11. cist. 1, 1, violentus, 1111. 1,1,11. 011111

11. 11111.1,1,11. 11111.1,1,1. v, 1, 1111111111111, 011. ³, 1, 1.

1111. 11111111. 1, 111. 11111111,1·11ιο.1,1,11. 0111.
1111111111, 1111111,11111. 1, ³, 1. 111 11· 1111111111, 011.1,1,1. 11,
11111111, 111111. 1,1,1ο. Μ111.1,1,11. V, 111,11 11111,1111.1,1,1.

1,11.11111.1,1,11. sqq· virago, 11111. 1, ³, 18.

11111111 contracte, 11111. 1,1,11. 11,1, virere 111111, 11111111111,·1111.1,
11. 6111. υἰνς111111,1111·1.1,1,11, -
1111111111. 1, 1, 11. 1111311111 tergo moriuntur, θῇ.

vietor, 11111. 1, 1, 11. 111.
viget 111111, Cure. 1, 1, 11. virgarum fasces, Ep. 1, 1, 16.
vigilans, 1111111,1,1,19.10. ΙΙ, 1, 11, virgarum 1111111111,11111111 1111111 v

11. 101. 1111.1,1,1ο. Capu, 1, 19. vlunt 11111111, ,11. 1, 1, 11.

1101111, 11. Ρ1.1,1, 161. virgatam, 11. ³, 1, 11.
vigilare, Cure. 1, 1,18. 11111.1,1, 19. 1111111111, 11111. 1,1, 11.

111111.1,1,11. virgis calefactam, 0³³. 1, 6,11.
11111111111111111111111,1111111111111, 1111ςί1 caedi, Men. 1,1,.11.

mature 111 1111, Pers. 1,1,11. 11111111111111, cas. ³, 1, 11.
vigiliae Cereris, 1111111111. 1131169. virgo, Cure. 1, 1, 11.

vi 11111 agitare, 1111.1,1,11. 111 11·ςί- vin, 111111, virum, etc. manuyli„

1111111 111111111111. 1, 1, 61. 1,1,18. 0111.1,1,1.0111.1,1,11.
viginti 1111111111 magna, (31³³. 1,1, 19. 1, 1,1.1. 11, 1, 11.
111·ῗί111111111111, 11.1,1,11.9ο.111,1,19. 1111111 color 1111111111, 11111

1,1,1. 11111.1,1,61, ΙΙΙ,1,1. capt. Men. 1, 1, 16.

1,1, 101.’ virile 111111,111111·,11111. 1, 1, 19.
1111111111 111111, 1111.1,1,1ο.11’,1,11. viripotens, 1111. 1, 1, 1.

111111.11111.1,1,111.1111.1,1, viritim, 11, 1, 111.

1ο. 111111111111111111,11611’1.ο.11,ρα
vilitas, capt. 1, 1, 11. 1111,1,1,16. 1111. 1, 1, 11. ³
11111111,11111.1,1,1. (111111111111. 1, 1111111. 1,1,11. Τ1111.1,1,11.

1,1ο. 11,1,11. 11,1,11.11.11. 11,1, 1,11.11,1,1ο.111.1,1,11. ³³⁰

9. ΙΙ,1, 1. Ροεη.1,1,11. 1, 1, 6. 11.1,1,11.1”1111.1,1,69. 111,1,

 

